map_pose:
  position:
    x: 3.7677384929212931
    y: 2.6329468826939624
    z: 0.075600000000000001
  orientation:
    x: 0
    y: 0
    z: 0.87183377458232725
    w: -0.48980186759293992
    yaw: -2.1178676955137821